post_id,user_id,user_name,fullname,content
1768827523876968,,,,#j2team_girl
